$ANSIBLE_VAULT;1.1;AES256
35386531393762643561616132646261643836353864643932373164633563366162376364323037
6634653863623962373634366130646361616437633666660a353163303732353037616366313730
65386132656362633464653661373939373265613033363635326137353230353466656138323139
3433383134376231310a386533626634636630396330313832303966383233366234303239373637
38613763373432303639363438666564623039623239316234336439643765633364633762653537
61653365356230616664653265613661636163626433643666383833356563656132366337636363
33323639313138366537393263613433356637666434643735396531326432633263613261616432
37333237336135363061653030623734623030313563643165323736323636373836613738333335
34396664333630323633333437326663363736306437663636383432363436326238616639306539
38303663303232616234653533663634613236666365373532623334343830303838633266313561
36383831653037626334333865643364616565626337353233303533626263343166346132353137
64643064303337643061623234613166306433633835653535376339333565316530333964613563
31343933623465393635376461303061313032366463626666353537646163356334376639663732
36323164386639356632636235323235373139653835663538666534356561636662343438346239
37623134373763386435643466663163623065353635666534363361653862326637643066656639
33636562373930323961396563353538356462313334646661333737316530336462353835613966
31613461373831346532613162653133313835643332656637623766616439376361633630373165
34333162656533383564616265613634373261373266386234646666336439363464373532323139
62646136343566343139346532336562623938643265366366636139343138376234613563343030
66666235383664316661366636613631333433636231343231626434396436623936363965656461
35656564613237343037373438316661653362663239646266356137323761363933646130343332
64326231626334383235613632303036363338363366353335653632373932366531393766393739
32333664653939653433646537656431356366653537653630396330343934303038616261323063
65613063666536303862663266616236346333623331363333346566656539363230323565313533
33666464343961373833653037613531656131373133373630343630653165666463356162386333
66666466386436366465363230323432343433313036306334356365353938333263343930353961
30643036336361313065383536356234316163356635386132646136633266626133353662383561
61646333646666626637356238326137633062303238666462333730636235336532373334313965
66303335376633336664386564623638613532373236366130363263313734343433626264643964
66636262623738643237353035626635386136633230353561303064316566303337386661396537
36343264666531396337626661346561366235646465653262666538633563396164333037653462
65633138316130386432373466393337356264653330333239656333356230643565623239313830
66386537393031353038613166303035396234333262383038313864613830653466353334306632
35313035313038336431623865303261666534313039666130343935623934646664386432363039
66333862656439346238333866663462343634376362633738616636323165613637643065613035
38356539373131326431363862393932646663373866396136383265303262353234626365636530
34313439336562356566656535376264666265316138363338343963336430666162623835386431
65633063623134353833323639366639613236363433663436646633373930626435313532643031
30633030313761303461613035626164303431353764366233333632626662316563303266316132
65613331363734626466303066616436333864306233663665643932623465336536396164643237
63333966613563366531623538356238363132316563653039323938613739386336373936383533
38633461646432383537363133396137316536613237303166373834313239643732313637326233
35623037656237353835393438396531383139663465303333653131326333666531356261393734
66636262633062356236303338373661623463333438313266653965336134623239663132346164
38353531653966356136636161396464633461363565633261623436306664326566303334613963
37346138306238333036373064616532373633333161356163626336326537376266643562333731
35666435326430666233643034636432626133643734306531386431356635643534623036363832
62643062343938656465386639643134666636656261646566306433626464373836383666616661
64646461333763376530346636353037653064666236393062616331656339393836663263663830
66363135333130333666326534343431373934346236623361636633396634343361366661636130
63303331336538323436336134343239303739323139303464393431393666336238303766323934
30646331383537656266663438656333396134343864336135396439373235626439653634333734
35396135303533643866363237383933373563623366313238306430333062646433666637356362
36656366653263393764313165393163643935316233383137643932383930613539363831386632
30323738643064656338666538613130363732363636383765366366646163313365303432333063
36303539373531353539643939663830656139646531373763643734653431356161303438343635
31613564363533663333626562393334616134363632663435373863343836646366663537346666
62383639383135653164393632363861333133333630313032323065613930306538306236333435
61633434373037623965663931343632363834353737383332323361396261303834613763323663
65313635623633656563326262626339393139376437373764366239633937343761653232376537
31333035323065656636323836343230333565396661346162393634393964343430346636376266
38353634303164393330626630333337663464643933663233343265613235323733376537303665
33363530323831346631646139333831363030396530326235353634663466376364316132396665
36636536656635663464393036313165626662343236383662653263643532623865333335643836
37613339613033313033363364373265623066633565323835623966383934343333633838376462
38306537616132633730303339643039623730303034393731363436313263613434353835356461
66623536303233623764643731623236336438616134393730333536306439373936663634346664
37323664646563303261313764663966363439623531636134356636663934303630313530666666
34633233653438363935633732393862313037613039623965303561356235373961663265633030
66373033336166663435323230393737363532396239353461366335393731343061633334323539
39333262333438653031303438373537366164386334666136376463643834383130353466343533
36323234393730383537646666303838656666613735303464323736353039396231613965656434
65646335643934333664656235643537376531313335373336386365336339303064333361323436
34636433656665636534333639656566633263303961346434316364613537313638636135336337
35306332353033373736323861323862623236363062343539633664646662623161336330636165
62393934393431633332653736343334663033393338343033363862616630393866613934363536
64633430646136386236643530636665613664303165366561633132633463356335646233313665
37373262353866323464393765376531326438616434336362323463666439323637353235373036
35303964363235656230303261303761346132393033303934303634653135316234613761623436
38326435653536633537306338623630613434393732656531633266343361393132313735336131
30613765633032616661353066623238313966393961326366653433643230303934383431636662
64363631623563653137366334643861613261636237373363366266363764336466363834613364
34333866383064396133353931643965326466393538333162633665613732623061313263326433
61373736313738626336616366653238393138313965313266613965623862636630303262366339
63666435626565353036363434613539613935353830663131653039616433656663666361636662
65653466343963383434653635663666366132343932623463663064333536323131333937643938
35666563623366643063646263316233366436616230333739343130616465316663396439643432
32336339353834623537316365373433653162363762346632396234303466663336653332646632
36663466396636636637356563393933383137343138373565633563366130626566386338383839
33366666303539373366653338383532376263643865623437376635393561633536316533383665
32633562353533306562353139333439366362373733646633343963316462393965316333353833
61353431356632346436633062313763663166613637643662663430316665353564383133373365
33663964333635636233333538306261633430323836336265613161643135343564373365646230
38643364636637663932353338653539373561666665346538643837613438346562366164373835
31643061623139666565626536356431613531346134636264666234306438626631333466313233
38383838376338326531313638633362393733313832343030303131343233346334656633623562
39653037653536303434323337386561323065646438646238666233643033373163383764623265
66616135376337373734626334366338636634666631383036323530633039386338376663353965
38633361353066353135383738626335663234343566666434663634393465303462626231393062
64306139626230633738333930393833313934366336666264346461393662316337643638653837
61666630366465663633363630373432313830373764323062653262363433393162353132623164
35633564316539313866373930356266666265383334313365306330333637323336643333393935
30326663343034653534306131356564643533626530633164386265623639313162353565343661
62343933663435383335656536366434383336303262313031356162643435346436316466343530
31633537643931363162343764386263383564343438336462316661376135333764313030353462
30393062646362343064393037366330303134656435616637306435623064303838393133613630
33353763363661656465626238383830656466353536653439666230313235613034643530393634
62373935393163313435303032333239373038373139356366373037623032643530393465643066
31663665343739643866336565393263653862373064333533343335663964313965326562313437
32656266376233343337353732373237336464393762613932336330366533646663386135373637
35303733643538306562393030376533306233366163646632333235646334376631636264336133
33393330646662643031343236653236396332353664356166303136346665623839363832376437
39313232386334633839333336623434646366386333626630376535393436666665333263323130
65633365343433323430666466383766646537386538353930323130396533623061356161653833
66323235663136633361626134656531393063643764643766616339303165376362626236383933
61393636366436646139376238316636386631643864343231313366643433346364333161653332
32323966303433336465373666346162303866663131643636336564646536383036666238326132
36623234623138613538633632303132373161653231616162666363643162333962346432363839
33636131313835663532616636366361306464303930663462303165656430333235323562643439
62646639353630616431383233643730636162666238373931303634396134313237303537626533
34636335363864643261303135376536343332386139653639666338303064306431313035313861
37626136353031636631376661663862383265656436326135653461396335323633323564666639
30393431356461303061396435643362386437353430326431313362623161636630383037653033
65666635393439363663653536333963666230623936303532326262336661636431313837613264
32333038666331653263323631613965613030646132366363633462393836356339653138373966
34346661643662373264316230633362653163373564653165636633323764646663663732313734
39336633336531643433353332376665383235333035336532623563656230396262623164613238
38356466303566353132623131303530376533303566303561393037386534303933633863646566
32623761656362356163343834383264393130343035633961613733323361326635313430626364
62663136326366313338343461326363303336353233336564356536366637336163306461306562
31666161383537366536373534333135666230366335313762636331393732656637353738663738
63383065613934313361366666326133663461316233633038626136616230636466356465663637
64613833323864633137656235346563663939643630623061353639666532663466616635343832
30623531653739643836383439386263633030636531663935363939363330623563666134356530
35386436386535353661666338333162303865663262343235616663373962333165306466616665
38303034366365323437303566303364633531643234396665396563626665326330643336366231
61643236323661373939343866666264623065383065663362633830613637366131343136333135
66633737376237616639336231333063373931616664326163326464343439316536636233633237
63393463356432623361646263613834343866376566393139653630316435666432313138356663
65366566353163353537366134303666663130386333616161393766313565383433373834346132
33313437393861316232383136353332383062343864303836313466306634386335373730396665
36373633396235316435366436323338316461653936306639663363623261326537306536353463
61623630626165616433326166373138343036333063663735616565396337653164613935663962
39316435666437616661656337386236636234303934343561643732353164346561636630623338
66643938643166313436326432313931643531366432633563613038306162623933666237326134
37346339313439373638633062343231626462326632333434353636356363653634396463383464
62383037623362656230383434396663613939303232303632333937303762613763313839346237
66323965666131353336383236366331363234336532356561636665333731626361393063633739
33656336646162613161623631666137323735383032646163313433363864636530633566373662
65353263643466396137316330376338313031376539353637333461623563643031353938656636
66613132386366653739633565373534303736316564333135376436353464333036383234646562
61316434326130613463373434656565663966333266653136353932353433333139306262346537
31666138316562316630333432633730346530313430636466316630336461363764616138336530
66646435663639383238393861353838393635373966376333323434316236326530373334366331
33373066643635376637303336306465396138623237653834306132663535386166363832373866
65363835613438666138366364623962316434306235323163656530633434333231316261373033
33353665376662376536633766613034303434653631613264336665353834353231623662353566
61616162666265616631376537616266383731383334373034613933333933343331656332366133
35653431336335303332386662303961306434653934316263343035393537656337376161333235
63383861633764313032373664346261623964303835363665356335346466353036656539643738
34303633376137313733356638663337313862396237646435666534646661336262346538353631
30616534633938343034623666356631333566396536656532343235623533363162323138666230
35666239346631643930366138313234313564333261316264386236303365623136633936653664
64633630653839643633396131653261336662353731613634356533353463653764343861653435
36633739633834376336333364613437363063636363373834353962613333303537363433613861
33613031386232636165633530396135613034393230376664376663373166623761626534336661
38633539663464383337353633366239626261373263333864396130373139616563356365336566
36653130663265333563646438653139626333323132353639373662636538316465306265613032
39343231356436663836346633643933323438393236333733333761303430353532613231633938
30383932643632366433653361323939333333383433356239353366383430656163326231616164
39373938613130613533363534663234656131326162623666336635656165303462333637323063
38343763623665363032323431386161613339323235303430313236386365636264323936313963
61653861623366363933363937663836623531326132613131343431336465343032343539636435
34656331393132643632323232643430363935386632653764376534636633393564623339613439
313362333239336463613936306638643631