$ANSIBLE_VAULT;1.1;AES256
36316165396238343162643932336663373635313639376234376135396539623236323636383335
3766333531316161303038613334616331316236633865300a356130363239653061653433663133
64393463663832376433393331363833656437353564613434656536663130373033636537356665
3237303438663562640a636463663432663135366164653134663063396634383765353431646462
61636135613736383162373138376531396464316266663537616463643934666134613239626433
63323536303561396161616562366533616262316565323631633165313364346135656637666265
32323061323661633162626537663965616238643131336632396630343630333862656461643361
31323432663630353065653833313963303735656434333739613536393961653164656430623263
30396565313762306432313838626364356361323861656566313737316136336563393431306166
65373331393632316533393765383364326265333865346630303866616631376630363563633938
66343666613265333233666530313436623136633964373965376532623761646237323032343662
37663139373963656531353265623732346130316166396531346465323538393634623562613939
31313731646463363537656534303531666564383765333532646363363132386466653765363266
64396333313363663635646364316238303435386337333237623036303335653132333936363237
30623936396432336330613063613135353535373966646332626665346335376163366338623037
36623533396630333535333933646664323662376235616362316639356163376166316237616161
33666562303432313637306161313332636136363362333264366233643161613261636533323033
30633036646637633238313365336464363265616563323164343234303562376561373565613365
37346335303262646137363361366433386466383931616534613738316438656363353662383265
39303535383433363236383639663465646430363535373638633736633637643139333531633031
32363962626162326230646365653634326465393031653537343130383638376339346134396233
37393238383366316235306233623932313532366339333539643664643033646330663964663236
62383635323034393666303666346435376265383263316637383038643565633134376262313064
62653965633232353063346239326334303031613830316638396634313530323731356238386430
63666336396332333266393336643166373666343630633363396230373837346637356664313930
33396361353862383034333630303531323638663364356463653566316436653864366362323430
37353761303231633934653838633433393234646437643136383631663036616161323264303738
39313961326165313662636366653438623763303166316632333830623839336539656431663065
65303864626137643463323030653136623165383165663361303937393137393039666362643763
36653865623333333337643461343231323736313036393132636438323038643932376437376635
35666130363336393436646565323565636362343362626363346533303236333039623665326330
62343230646263663735346330386430653863333432373663363265643831393363313839316639
33316465616338356265373132643733363561663033333561616530393734363138383131356465
61633464653365323038623138373836313232386431333639366161366438363862376632633334
66306564643061353265353835623365313661616133303631373362656363383933383736386232
33613662306236616235353739636266316463396337653035316139366631393964336539323237
64303934333662633937323935323839393939353139333965393830356334613561343731333235
64643263633930396166326565633761373339656636656338633731376662616533613138326131
39383432613464353039303935386430313766313963383666633266373331313730626365373262
63346366356532326662306334323732333033333761336538623433393361626337643164336262
37383833363765343338383537383131653433636464646639343130383265366239383638303562
37333766346365326130366131633030353131343737346239366431353838653238386235646631
35666261336134646566666462663361383037363661336539363734653439366465666161643530
64663566363638343862303639316333646138363265616331373866336262383734653065616538
37656330333032646630323264363737626438363461653363363337313537376430353037303762
32323638363061663566393262613834366362343966336634356433306633353639663961653830
31653866626230366633323832376438336138613834326530356139306237386538323535643234
35653833636564373836656563386537346565653232356335626239386634656366373530396438
31633839383636396466373038393134313232633835393636373538623765326236633034336538
31666637666262636562373338663761623231376531366534633962663731323164353636356132
36316161396533303666666662646265623665646230343733343634303836613362626131323434
36386132613739623233343339643637373439656566613832626562333733363661646165626163
61376461383739363738316631303963353462656261333532653861643230386434353264316133
32316466366539633131653163666564346566653134393536333230626436616331663662323166
62373661643830316461306433333838383231653763633138393139643437643338363365313462
38323032623636393634633766613337363236353064366231656433373133653666336430303934
65303430636635343634383866356464343233643932316631653163636235663061613262336630
38386332393336666462303433373933333137303834303334316364653866323832323162306366
36363033623064656561353633316162343039646430623764613139376663333261313036356131
36643162393932633966323361623561383763353035306134633963613164646436316563613835
30666630386437306438633036393138616436346363316362363439613763323833613134343130
36633164356664616133336635353263666433303264646162626238393764323332613361623331
31323734333362623134316433653564353361356163343735353636343761616132303630653363
62353263393534636137663034303965313062616238623161376238346466356335383262323861
65636139633737363830613937373031316666626535636135633235616166636235356637306433
65373962326231656665613664343935313433663934646266383766396266666364626638656264
32323365386338623432653232353465643736326463313937363432336562316331656666393238
38343733653564393161356361656233363737316337383532376234323033356563366435323735
65636262303466633632656230303338396339643861623636316161643265356437306436363865
36383863626431633530353438633038646166396466323635353837613134346465663136313239
38353833326662366539343462363034363135656435373935343734363661383339313661373332
36613332386464383339376231633434653533353964613961666232376261363835366462353965
35396331646239376432646237303132363332313233653731613831346264653966613763373835
38366362613362313038353263653764323030383038393534343133363763326565303963653961
34343339383866323136663733623436363265613235633631303564653638313537376339393262
64396536393936623662386437613262326364646435373062343237633061643233376632313931
61396264623739396261373237636536376639343236653466356336636137373265303062626366
39323039326537633332393732363133393435613733646132646536623566353662383863646639
61663661386361376133633762323133346239363363393235656565383130356463666230313939
62613263326135333330306661323831323436336339636331326539633762646365643237373431
34323331663864313666386366343033316330346236346137623963326266336132656565636232
39376238643035356533333036373163666233626539656230386464656565323936313863663233
30396339373938323763326464386634613239363062306236326664613864303661666232656663
65616263313039623635376538663565623230336566353763313565363537653733376434653231
30393332643664653939663937373033633064643034613536303762386531623162373837663039
34396333653831343332333839323930346335383566636562343238363966356639336631313034
66306164303863383766666565663134353838346539633337323666346339373235663234396632
30653232383135656637663136313766353639623033363336336439623363336138316464636139
65303266626331623931383934336464376262623737323661333766306462396430323364346339
65333165363437343764383764333433663736613566633762376331373032636161356436613530
39306463383632313165306565356665353864386363616666616330323236393065646637366232
33313031323936316432666166343162373033306238623734366265333066303437383630323937
35633439396464346632656566333032623034386261653730343336353663363633613837643966
33633437373636363364653236323038383437393564663966663462313161613431376539333938
37636238656336313465336365646331393534366237383831326334613232363362333866343131
64666238316463656133383361353932303030333863623964376465366636363566313063313664
34316562333663363562633631396665666463336663343166663135313236396632323139663238
32663436616464393138366464633730346330356639313137633533626466323334356164306539
34383432616164623035613563623831653961633737623032336139353836666263646161353566
31613061356562333037666539613134363863313239323536323666383035643337386263336432
32373534343262383164303031343361323862343338643934323031643638663030633061623334
31643238343031356438306232393065363237333631303630306638393739626565356137333032
38623235346137303038336562343266346531326135383830393333613230613866616238313066
30373731336530623762393237626632343034633938356164373230356531653631623535396231
30376633663566643735633661346465353761333831666237313534376332633738653834616435
63643961386466643263353631623666353762323665323361366666393636316235663264666465
62333563666633306639613261393865366337653163303965623339343630396533643638653763
36336335356531303531623462356130383064376536353264613034613665653839376538326539
32623239653937323735396439663633636636653034643234333734323463376163666134393136
65363730656436353436663337326463643938333464373835333564366131623938626439663832
61343766363564353535666135363933653764303064343731623230343532346138633562303265
37653264643735396163626463333166653861363137383463383731373062353731393762303763
66323463306462343562373262376230393731336234363238333032343764323964383233353466
34306530313937646537333364646666363962373563303033343064353034643734333361383462
35663734383762316138383031323237636435396632323264613265356563646635616236353539
31363636343163376137313661386661326265346666663334316136343439333033316462643665
34643135653238353235383562646338306639613039613366366238393865373739366162326237
63613938356333363535333330643633626261626335623962636239373535646239653232626265
33623333383834333939343162316362316338383264356265333139393238303165323966646265
34636437346432656233303664303936646562313332383162613531386139363435386265663462
32386230383235363365393835376330356330313163653662643230373936626162346561343530
37346436646562346537393433363837353830363438663934613538346638336636323236313265
64393164366665616136393132366263383163373136323537366331323461306332396636323564
32346537663363643363336265323336666161323361306136396432666564633065643834383564
32336165653736636363376465633031323934633838393235636365653366333165393131393263
66376234356437306333343735366466616335663762316331613738303838633737306636663836
30356364353466336164386335343964356237633634303534623035386332363531383437353261
62386462636332636636346463343237653435306363316464306665663366333866616264303430
63323164326362636631356364353739623131316565373832373866396134333566373966396133
66616265303533303263306336393232363436353034316362326563326339373234396365313135
37633562663833303262326164633362373365373662613439663034316630376438306366353032
39663037616365333463363131333436646538636538663137626266393731353862633638386464
30646631356632636363323635323964306430623836373130643332613139373630653738353333
65636465303638643932623263653237623461643133643362366261353832636363376161663664
31363036303966313531613562643934393164656338633739393533666662353734613666303364
66373736353134356239643437616332633635383534643531373835336437343937663738353461
38333464633732623137636262353465646235343365623863396161356135313665393432383738
64323439386165363138663630623563643837383761643662373435346431663430373334313937
38626230373961633234303937303933656631326534353631663738366530353264363733633837
62326538396431393534
